Point: [-11.583821195462788, -28.722068443585965, 9.525], Anchor Surface: 11
Point: [-11.583821195462699, 28.72206844358591, 9.525], Anchor Surface: 10
